nbins <- 
	39
rate <- 
	c(1837.578947368421,1480.714705882353,1178.111764705882,924.071207430341,713.191176470588,540.371517027864,400.817647058824,290.044705882353,203.869411764706,138.401764705882,90.062802768166,74.780926916221,61.519896193772,50.093425605536,40.324221453287,32.042560553633,25.087543252595,19.309705882353,14.572364039956,10.747731092437,7.713808049536,5.354126766986,3.559379084967,2.230836035201,1.286792638843,0.937429548564,0.658959727604,0.443260914122,0.282215823392,0.167707854091,0.091615916955,0.022223135064,0.010297896812,0.010000016477,0.010000000000,0.010000000000,0.010000000000,0.010000000000,0.010000000000)
error <- 
	c(0.754261155586,0.659927515156,0.588645445245,0.534873963751,0.457997937470,0.409020394712,0.343347554604,0.292074076967,0.244870561104,0.201758274636,0.124827079542,0.115455331175,0.103167730693,0.093095019366,0.083525498514,0.074455997727,0.065881753218,0.053288484964,0.040216346172,0.030052798206,0.021854866125,0.015625179276,0.010785155443,0.007187742440,0.004598204794,0.003581052029,0.002781545146,0.002131323198,0.001967150436,0.001660010087,0.001228646358,0.000604277869,0.000411346962,0.000405921252,0.000405920917,0.000405920917,0.000405920917,0.000405920917,0.000405920917)