nbins <- 
	41
rate <- 
	c(25.224894595631,22.342468378689,19.704963587581,17.288807972403,15.100996550402,13.117094672288,11.326753545420,9.704484476811,8.269461479494,6.984975086240,5.849463395937,4.845563434266,3.975440781909,3.218091222691,2.561249520889,2.002903411269,1.535808738980,1.146646224607,0.831721924109,0.578877922576,0.385844193177,0.241857033346,0.141496191663,0.104198310483,0.074902645063,0.052250934774,0.036172275308,0.024687993353,0.017384793272,0.013190777823,0.011033423290,0.010290090323,0.009987895862,0.009946430804,0.010027226689,0.010071740648,0.010044605426,0.009890940799,0.009999786577,0.010128145323,0.010021433776)
error <- 
	c(0.004916404923,0.004626989786,0.004345310181,0.004070197565,0.003803958489,0.003545290209,0.003294471010,0.003049433729,0.002814955794,0.002587112984,0.002367505402,0.002154790769,0.001951756386,0.001756030845,0.001566602841,0.001385361033,0.001213113769,0.001048208525,0.000892733927,0.000744777346,0.000608049519,0.000481406916,0.000395930261,0.000339763451,0.000288067921,0.000240598743,0.000200186246,0.000165382372,0.000094102549,0.000032962527,0.000023141752,0.000071579881,0.000055183430,0.000055068763,0.000055291975,0.000055414568,0.000055339869,0.000054914937,0.000055216268,0.000055569520,0.000055276001)