nbins <- 
	41
rate <- 
	c(25.174971,22.250287,19.568992,17.130893,14.934362,12.937428,11.150537,9.539680,8.102683,6.833174,5.719576,4.737907,3.879676,3.139143,2.500240,1.952894,1.499396,1.117468,0.811243,0.565862,0.376957,0.236048,0.137942,0.101625,0.074210,0.051829,0.036076,0.024732,0.017341,0.013121,0.011061,0.010317,0.010093,0.009991,0.010034,0.010049,0.009999,0.010053,0.010031,0.010007,0.009953)
error <- 
	c(0.004912,0.004617,0.004330,0.004052,0.003783,0.003521,0.003269,0.003023,0.002786,0.002559,0.002341,0.002131,0.001928,0.001734,0.001548,0.001368,0.001199,0.001035,0.000882,0.000736,0.000601,0.000476,0.000391,0.000336,0.000287,0.000240,0.000200,0.000166,0.000094,0.000033,0.000023,0.000072,0.000055,0.000055,0.000055,0.000055,0.000055,0.000055,0.000055,0.000055,0.000055)