nbins <- 
	41
rate <- 
	c(25.229877347643,22.373898045228,19.740417784592,17.337293982369,15.149865848984,13.169892679187,11.376006132618,9.750000000000,8.304810272135,7.021023380606,5.876542736681,4.870160981219,3.989929091606,3.225488692986,2.564047527788,2.004532387888,1.532819087773,1.140724415485,0.822949405903,0.570595055577,0.376095247221,0.233841510157,0.133315607257,0.096599362969,0.068325162720,0.047091538568,0.031585652957,0.020887965656,0.014586824639,0.011529863348,0.010301275580,0.010002290449,0.010028141359,0.009958321519,0.009934235198,0.010019604436,0.009940942781,0.009962589981,0.010034544052,0.009973261135,0.009917161351)
error <- 
	c(0.004916890475,0.004630243089,0.004349217579,0.004075900950,0.003810108633,0.003552418170,0.003301625982,0.003056576520,0.002820965809,0.002593780222,0.002372979106,0.002160253031,0.001955309695,0.001758047993,0.001567458316,0.001385924281,0.001211932452,0.001045498306,0.000888013428,0.000739429830,0.000600318721,0.000473362411,0.000384314543,0.000327139852,0.000275129183,0.000228411392,0.000187064445,0.000152122829,0.000086197963,0.000030817498,0.000022360762,0.000070571787,0.000055294497,0.000055101669,0.000055034991,0.000055270956,0.000055053568,0.000055113477,0.000055312146,0.000055142986,0.000054987677)